,Cor,SE_20 11_1ºÓbito Covid19,SE_20 12,SE_20 13,SE_20 14,SE_20 15,SE_20 16,SE_20 17,SE_20 18,SE_20 19,SE_20 20,SE_20 21,SE_20 22,SE_20 23,SE_20 24,SE_20 25,SE_20 26,SE_20 27,SE_20 28,SE_20 29,SE_20 30,SE_20 31,SE_20 32,SE_20 33,SE_20 34,SE_20 35,SE_20 36,SE_20 37,SE_20 38,SE_20 39,SE_20 40,SE_20 41,SE_20 42,SE_20 43,SE_20 44,SE_20 45,SE_20 46,SE_20 47,Total
0,Branca,3.0,48.0,178,366.0,445,452.0,519,656.0,620,688,674,696.0,660,661,562,490.0,430.0,443.0,445,410.0,357.0,377.0,337.0,232.0,305.0,237.0,242.0,209.0,165,174.0,128.0,101.0,89.0,79.0,92,124.0,51.0,12745
1,Preta,0.0,2.0,15,56.0,66,56.0,82,104.0,87,122,85,107.0,119,113,99,79.0,77.0,61.0,69,61.0,42.0,41.0,52.0,40.0,28.0,34.0,31.0,36.0,27,22.0,20.0,18.0,15.0,7.0,13,13.0,4.0,1903
2,Amarela,0.0,2.0,10,16.0,18,21.0,31,24.0,30,18,19,19.0,22,24,15,16.0,21.0,11.0,19,5.0,13.0,18.0,11.0,10.0,11.0,11.0,11.0,7.0,5,5.0,4.0,7.0,4.0,3.0,2,5.0,3.0,471
3,Parda,0.0,5.0,37,128.0,178,189.0,215,291.0,303,299,328,274.0,263,266,210,176.0,158.0,152.0,141,151.0,130.0,143.0,133.0,90.0,88.0,82.0,85.0,66.0,55,54.0,53.0,45.0,30.0,27.0,28,36.0,18.0,4927
4,Indígena,0.0,0.0,1,0.0,2,0.0,1,0.0,2,1,1,0.0,1,1,1,0.0,0.0,0.0,1,0.0,0.0,0.0,0.0,0.0,0.0,0.0,0.0,0.0,1,0.0,0.0,0.0,0.0,0.0,1,0.0,0.0,14
5,Não informado,0.0,0.0,12,17.0,25,28.0,22,42.0,41,40,34,36.0,46,30,36,17.0,20.0,15.0,30,31.0,26.0,14.0,26.0,8.0,12.0,18.0,7.0,9.0,8,11.0,5.0,7.0,6.0,4.0,2,3.0,1.0,689
6,Total,3.0,57.0,253,583.0,734,746.0,870,1117.0,1083,1168,1141,1132.0,1111,1095,923,778.0,706.0,682.0,705,658.0,568.0,593.0,559.0,380.0,444.0,382.0,376.0,327.0,261,266.0,210.0,178.0,144.0,120.0,138,181.0,77.0,20749
